Hola, soy Ela

0 12.7563742439945 15.1598522824627 16.5581554889218 18.5984859306123 19.0810788748746 17.5802401716441 18.7238751524612 18.9391862675197 20.2203932792107 19.7066179053388 21.1532717464803 21.1177048913769 20.9909247123486 21.2171631046265 18.8983871310893 19.5943896417181 19.8826999572087 20.1348450600046 21.8241976810372 17.4096298705278 16.8129762644957 16.8160034957285 19.6400248416561 17.3835783748044 18.3113857606512 20.0991101884156 19.9447438503542 18.5890813237342 17.4685304935565 20.9482494676192 19.3219058429691 19.6037750083812
12.7563742439945 0 4.02510894846 5.30541143425324 6.47359754257098 7.04445973816257 6.46495696542112 7.36255042349702 7.77557636849193 8.75009640628107 8.32176609398036 9.45767215073011 9.8397050452327 10.0280440693289 10.2081765341417 8.12919004029621 9.84635358282877 8.02029983508169 8.06698168251057 10.3122045959011 5.14432190856446 5.04210226396789 5.79988690728804 8.06477287633169 7.50772376062942 7.63191718121364 8.98724399280689 8.96227564087421 5.86461310536395 8.35934888154371 9.88297258989238 7.80398754907805 7.49957767247919
15.1598522824627 4.02510894846 0 1.44345675921284 3.54527347135427 3.96251208198956 2.58559900375556 3.65178744556693 3.97038098464693 5.14361297421954 4.65211949534767 6.02249617490602 6.14735768178261 6.20411228863517 6.40562540014691 4.19113725282038 5.82124859716634 4.72288837831649 5.00049921505915 6.76116432008939 2.6428052098268 1.71197111675186 1.84594438081039 4.51741473933419 3.50367297863858 3.65706919876423 5.19555636956341 5.11776746360146 5.70420653399864 4.44659748206483 6.09485913421012 4.20947047015037 8.5427438036594
16.5581554889218 5.30541143425324 1.44345675921284 0 2.41847715372428 2.71315272184265 1.16774543120171 2.20870833872164 2.53549723825897 3.70309971933838 3.2090311759662 4.59923613240994 4.70489368893744 4.78185896636553 4.97833897079974 2.82392078535188 4.66085004628076 3.35233029156681 3.698128528602 5.32086856569829 2.02080997688507 0.879946459228424 0.540334457544468 3.08817682692011 2.58267755466646 2.33732954613632 3.76257648087983 3.69868472302827 5.54212901452594 3.70319286831598 4.66366686371997 2.77540475604721 8.58123364677606
18.5984859306123 6.47359754257098 3.54527347135427 2.41847715372428 0 0.588244386985325 2.18739092793417 1.8442398371078 2.33623145154254 2.58726779560374 2.35109832285613 3.05424208583516 3.68887479155912 4.12458654624142 4.23333459228087 3.07435502680485 5.24629650492551 1.60734073411787 1.59701206998194 3.96017137497112 1.33688024007196 1.83333364620168 2.54129501076341 1.92853012096663 4.10284452126466 3.01494310125541 3.15667352985017 3.28715781053364 4.10046161075769 5.25095838889341 3.91068114616587 1.82154896219628 7.18989676942287
19.0810788748746 7.04445973816257 3.96251208198956 2.71315272184265 0.588244386985325 0 2.21885998828659 1.56777424612965 2.00719860584857 2.03936628763432 1.86267460738526 2.46601024184323 3.12617173448123 3.59603845092958 3.69170794079773 2.76712197972224 4.90195666020713 1.02040296605079 1.0577395956317 3.37319115025722 1.9199419814216 2.27037610403566 2.72514157307462 1.41379629194167 4.02175201509169 2.81445726866164 2.66612195918313 2.82535011780118 4.51425525864964 5.13114359371641 3.37407299303654 1.37201883020239 7.56810154315201
17.5802401716441 6.46495696542112 2.58559900375556 1.16774543120171 2.18739092793417 2.21885998828659 0 1.15392513293712 1.39038320025677 2.64080880968499 2.12650504712431 3.5997563609354 3.58120534997149 3.61984231525235 3.82010396419079 1.67008784948592 3.63987049129511 2.53582936823651 3.00950530046501 4.24615714404904 2.47228804804404 1.6287005651044 0.768400744911537 2.10055355156522 1.95402284261216 1.23810846470095 2.61137327352977 2.53454471924873 5.99011844072474 3.12331136676344 3.50958060385627 1.7761530007502 9.09247356766133
18.7238751524612 7.36255042349702 3.65178744556693 2.20870833872164 1.8442398371078 1.56777424612965 1.15392513293712 0 0.510604102081774 1.50013955110408 1.00034013319017 2.44584582708832 2.50689273932967 2.67472390942304 2.8472985256111 1.23013529547997 3.40382376482517 1.4878318518469 2.04296906247737 3.11601673881149 2.72987969753402 2.32955212718154 1.90908083328924 0.953017820201624 2.54118079259689 1.25758410097595 1.63016691191993 1.64711085711844 5.93906746666852 3.59984630959958 2.52085524221491 0.630040443050582 9.03342799444051
18.9391862675197 7.77557636849193 3.97038098464693 2.53549723825897 2.33623145154254 2.00719860584857 1.39038320025677 0.510604102081774 0 1.33534470191194 0.81938083462406 2.34642741211184 2.19362254735664 2.25578111886956 2.44574569299239 0.760780752949362 2.91203156346252 1.70104225746173 2.30067966726511 2.89098316587241 3.23600259844851 2.77187664996434 2.15525734147265 1.01787190073059 2.32348842270033 0.968226033156722 1.22718459959832 1.18887468365584 6.43609687198226 3.29420953106651 2.12861577722821 0.771350430607987 9.52506371843309
20.2203932792107 8.75009640628107 5.14361297421954 3.70309971933838 2.58726779560374 2.03936628763432 2.64080880968499 1.50013955110408 1.33534470191194 0 0.521132403357336 1.01700183883115 1.11563730111467 1.56726844703878 1.65252308494599 1.75931446422956 3.37203168345846 1.12873761439417 1.64553697202757 1.61777155636728 3.81987022963618 3.71625451230445 3.40450595417582 0.693426288605993 3.55551344424497 2.21919714326304 0.810835005368303 1.07736515791686 6.48136365184555 4.37869778635589 1.33779492650655 0.951071572812874 9.46653846518403
19.7066179053388 8.32176609398036 4.65211949534767 3.2090311759662 2.35109832285613 1.86267460738526 2.12650504712431 1.00034013319017 0.81938083462406 0.521132403357336 0 1.52708787933026 1.52010609405171 1.79810501954111 1.93658696075802 1.33429185066695 3.1874196619803 1.1631643230742 1.76212191715217 2.12090735434841 3.49516572909878 3.27970373724169 2.89260664718355 0.46541759480639 3.08846428405115 1.73669249481006 0.806440025005256 0.971199732197411 6.37378910944957 3.97213469265783 1.60644803102056 0.550076139094856 9.40965565774257
21.1532717464803 9.45767215073011 6.02249617490602 4.59923613240994 3.05424208583516 2.46601024184323 3.5997563609354 2.44584582708832 2.34642741211184 1.01700183883115 1.52708787933026 0 1.09244059044317 1.81553376758132 1.76387386949586 2.75254247594323 4.09449385434849 1.45067950394599 1.63329709501021 0.925641670951325 4.37844103521608 4.48955249562577 4.35061937006461 1.51328694058138 4.56076009688072 3.23356556746143 1.61512333656213 1.9009307928712 6.55463186357889 5.33516073106555 1.57349991490194 1.83298120833283 9.40257590160154
21.1177048913769 9.8397050452327 6.14735768178261 4.70489368893744 3.68887479155912 3.12617173448123 3.58120534997149 2.50689273932967 2.19362254735664 1.11563730111467 1.52010609405171 1.09244059044317 0 0.730559787154821 0.675446408500555 2.28538168256084 3.13093676011455 2.14817203990547 2.53816355309166 0.849634765421034 4.93523782246 4.79828233693047 4.34806789314152 1.80759566453033 4.05327344863088 2.85513366690388 1.03083635041015 1.24125520733047 7.47734210853688 4.64044680158608 0.501913484218702 2.03945222030203 10.3974380946991
20.9909247123486 10.0280440693289 6.20411228863517 4.78185896636553 4.12458654624142 3.59603845092958 3.61984231525235 2.67472390942304 2.25578111886956 1.56726844703878 1.79810501954111 1.81553376758132 0.730559787154821 0 0.232851365363812 2.09700125507753 2.46833584622685 2.68863231445857 3.15262398143666 1.4624513621797 5.29298543092094 5.00392127867431 4.36475563552295 2.19608010315664 3.72264210133794 2.68350609898677 1.04464342983491 1.08681549699595 8.04579619268071 4.1556342479268 0.249264151600888 2.34809329837388 11.0126122751025
21.2171631046265 10.2081765341417 6.40562540014691 4.97833897079974 4.23333459228087 3.69170794079773 3.82010396419079 2.8472985256111 2.44574569299239 1.65252308494599 1.93658696075802 1.76387386949586 0.675446408500555 0.232851365363812 0 2.32034089564785 2.65345388351337 2.75413212870546 3.18611779570517 1.30227248122606 5.4279201352793 5.17616216964889 4.57001574490039 2.30975333397177 3.95547318594464 2.90733590257546 1.22192989637427 1.29527970588982 8.10712496377318 4.38083107578679 0.330341074101051 2.48529487259587 11.0507361010739
18.8983871310893 8.12919004029621 4.19113725282038 2.82392078535188 3.07435502680485 2.76712197972224 1.67008784948592 1.23013529547997 0.760780752949362 1.75931446422956 1.33429185066695 2.75254247594323 2.28538168256084 2.09700125507753 2.32034089564785 0 2.17735563891866 2.40234913038586 3.01096799411446 3.09229938791502 3.8718265900855 3.24866497302185 2.34845033542635 1.68292096465257 1.81329086316731 0.587098470024201 1.2601381783157 1.05649991631328 7.16653850270881 2.63788551941591 2.0521283385472 1.49720573182005 10.2630050537535
19.5943896417181 9.84635358282877 5.82124859716634 4.66085004628076 5.24629650492551 4.90195666020713 3.63987049129511 3.40382376482517 2.91203156346252 3.37203168345846 3.1874196619803 4.09449385434849 3.13093676011455 2.46833584622685 2.65345388351337 2.17735563891866 0 4.35056535438192 4.94533773827189 3.92835195970357 6.01547203233298 5.26808318209695 4.12519303162138 3.63792898955287 2.41206087430165 2.41134002606443 2.56646113533267 2.29484884041645 9.34277015042652 2.14345783732711 2.64320377552603 3.5552504137488 12.4361667275741
19.8826999572087 8.02029983508169 4.72288837831649 3.35233029156681 1.60734073411787 1.02040296605079 2.53582936823651 1.4878318518469 1.70104225746173 1.12873761439417 1.1631643230742 1.45067950394599 2.14817203990547 2.68863231445857 2.75413212870546 2.40234913038586 4.35056535438192 0 0.609662604782318 2.35290501022518 2.92776628006353 3.10842456214196 3.21175140483003 0.726951094268958 3.99879526218514 2.65992793304636 1.88078675090064 2.10262710618254 5.35731901053115 4.99520849775021 2.45210777805739 0.931415874284559 8.33829404050897
20.1348450600046 8.06698168251057 5.00049921505915 3.698128528602 1.59701206998194 1.0577395956317 3.00950530046501 2.04296906247737 2.30067966726511 1.64553697202757 1.76212191715217 1.63329709501021 2.53816355309166 3.15262398143666 3.18611779570517 3.01096799411446 4.94533773827189 0.609662604782318 0 2.55643909306061 2.92333974991302 3.32191956361251 3.63004946120278 1.33611543009385 4.57738633862509 3.25095317347439 2.43766576279852 2.67672017306861 4.94705587404417 5.59340073887067 2.90726733432643 1.5293516037952 7.86469202491284
21.8241976810372 10.3122045959011 6.76116432008939 5.32086856569829 3.96017137497112 3.37319115025722 4.24615714404904 3.11601673881149 2.89098316587241 1.61777155636728 2.12090735434841 0.925641670951325 0.849634765421034 1.4624513621797 1.30227248122606 3.09229938791502 3.92835195970357 2.35290501022518 2.55643909306061 0 5.27293654339204 5.30281282610223 5.0131414712544 2.26596018816116 4.88278497345084 3.6452985886938 1.83360895469666 2.0716405858643 7.4557891307541 5.49007140058339 1.29241145103767 2.55808247683666 10.259841782328
17.4096298705278 5.14432190856446 2.6428052098268 2.02080997688507 1.33688024007196 1.9199419814216 2.47228804804404 2.72987969753402 3.23600259844851 3.81987022963618 3.49516572909878 4.37844103521608 4.93523782246 5.29298543092094 5.4279201352793 3.8718265900855 6.01547203233298 2.92776628006353 2.92333974991302 5.27293654339204 0 1.15055438525139 2.40722499399072 3.13136342589219 4.37867578915776 3.62206559079821 4.27310396878887 4.34783108490784 3.56014158871279 5.54749354260349 5.09877061871394 2.94509032262932 6.64304355920369
16.8129762644957 5.04210226396789 1.71197111675186 0.879946459228424 1.83333364620168 2.27037610403566 1.6287005651044 2.32955212718154 2.77187664996434 3.71625451230445 3.27970373724169 4.48955249562577 4.79828233693047 5.00392127867431 5.17616216964889 3.24866497302185 5.26808318209695 3.10842456214196 3.32191956361251 5.30281282610223 1.15055438525139 0 1.32702257464699 3.03934827340267 3.37452046572248 2.86499936540377 3.95957325694834 3.95877525097748 4.66324275856904 4.52391591071999 4.84879136288931 2.76652886370358 7.71082892719491
16.8160034957285 5.79988690728804 1.84594438081039 0.540334457544468 2.54129501076341 2.72514157307462 0.768400744911537 1.90908083328924 2.15525734147265 3.40450595417582 2.89260664718355 4.35061937006461 4.34806789314152 4.36475563552295 4.57001574490039 2.34845033542635 4.12519303162138 3.21175140483003 3.63004946120278 5.0131414712544 2.40722499399072 1.32702257464699 0 2.84190898855544 2.06040321862066 1.8322199784153 3.36973252508818 3.27794760981958 5.96341767042101 3.19927596139103 4.26411231904189 2.51903709286436 9.02884399101741
19.6400248416561 8.06477287633169 4.51741473933419 3.08817682692011 1.92853012096663 1.41379629194167 2.10055355156522 0.953017820201624 1.01787190073059 0.693426288605993 0.46541759480639 1.51328694058138 1.80759566453033 2.19608010315664 2.30975333397177 1.68292096465257 3.63792898955287 0.726951094268958 1.33611543009385 2.26596018816116 3.13136342589219 3.03934827340267 2.84190898855544 0 3.34079527360883 1.98604179028901 1.25532148113946 1.4358766417283 5.91677053362902 4.29687790896455 1.98454435906812 0.324416674529009 8.9465413483934
17.3835783748044 7.50772376062942 3.50367297863858 2.58267755466646 4.10284452126466 4.02175201509169 1.95402284261216 2.54118079259689 2.32348842270033 3.55551344424497 3.08846428405115 4.56076009688072 4.05327344863088 3.72264210133794 3.95547318594464 1.81329086316731 2.41206087430165 3.99879526218514 4.57738633862509 4.88278497345084 4.37867578915776 3.37452046572248 2.06040321862066 3.34079527360883 0 1.35777027005296 3.05261727447347 2.8132306499461 7.9268193714105 1.17187246875645 3.7430641553988 3.07244049740889 11.0206148588043
18.3113857606512 7.63191718121364 3.65706919876423 2.33732954613632 3.01494310125541 2.81445726866164 1.23810846470095 1.25758410097595 0.968226033156722 2.21919714326304 1.73669249481006 3.23356556746143 2.85513366690388 2.68350609898677 2.90733590257546 0.587098470024201 2.41134002606443 2.65992793304636 3.25095317347439 3.6452985886938 3.62206559079821 2.86499936540377 1.8322199784153 1.98604179028901 1.35777027005296 0 1.82468135334988 1.63874719242807 7.04286974414694 2.34873242094734 2.63819053783771 1.7288630291386 10.1505963161946
20.0991101884156 8.98724399280689 5.19555636956341 3.76257648087983 3.15667352985017 2.66612195918313 2.61137327352977 1.63016691191993 1.22718459959832 0.810835005368303 0.806440025005256 1.61512333656213 1.03083635041015 1.04464342983491 1.22192989637427 1.2601381783157 2.56646113533267 1.88078675090064 2.43766576279852 1.83360895469666 4.27310396878887 3.95957325694834 3.36973252508818 1.25532148113946 3.05261727447347 1.82468135334988 0 0.287218579300212 7.17196928823444 3.73602655566899 0.90163311934491 1.34240790325716 10.1951001226496
19.9447438503542 8.96227564087421 5.11776746360146 3.69868472302827 3.28715781053364 2.82535011780118 2.53454471924873 1.64711085711844 1.18887468365584 1.07736515791686 0.971199732197411 1.9009307928712 1.24125520733047 1.08681549699595 1.29527970588982 1.05649991631328 2.29484884041645 2.10262710618254 2.67672017306861 2.0716405858643 4.34783108490784 3.95877525097748 3.27794760981958 1.4358766417283 2.8132306499461 1.63874719242807 0.287218579300212 0 7.33945739497311 3.46057081912306 1.00499639969762 1.46652722266827 10.3804999064482
18.5890813237342 5.86461310536395 5.70420653399864 5.54212901452594 4.10046161075769 4.51425525864964 5.99011844072474 5.93906746666852 6.43609687198226 6.48136365184555 6.37378910944957 6.55463186357889 7.47734210853688 8.04579619268071 8.10712496377318 7.16653850270881 9.34277015042652 5.35731901053115 4.94705587404417 7.4557891307541 3.56014158871279 4.66324275856904 5.96341767042101 5.91677053362902 7.9268193714105 7.04286974414694 7.17196928823444 7.33945739497311 0 9.09817792723453 7.8091699523749 5.88232158486445 3.10834117991693
17.4685304935565 8.35934888154371 4.44659748206483 3.70319286831598 5.25095838889341 5.13114359371641 3.12331136676344 3.59984630959958 3.29420953106651 4.37869778635589 3.97213469265783 5.33516073106555 4.64044680158608 4.1556342479268 4.38083107578679 2.63788551941591 2.14345783732711 4.99520849775021 5.59340073887067 5.49007140058339 5.54749354260349 4.52391591071999 3.19927596139103 4.29687790896455 1.17187246875645 2.34873242094734 3.73602655566899 3.46057081912306 9.09817792723453 0 4.24214345366052 4.06504308357965 12.1903275533824
20.9482494676192 9.88297258989238 6.09485913421012 4.66366686371997 3.91068114616587 3.37407299303654 3.50958060385627 2.52085524221491 2.12861577722821 1.33779492650655 1.60644803102056 1.57349991490194 0.501913484218702 0.249264151600888 0.330341074101051 2.0521283385472 2.64320377552603 2.45210777805739 2.90726733432643 1.29241145103767 5.09877061871394 4.84879136288931 4.26411231904189 1.98454435906812 3.7430641553988 2.63819053783771 0.90163311934491 1.00499639969762 7.8091699523749 4.24214345366052 0 2.15542109415372 10.7692917398423
19.3219058429691 7.80398754907805 4.20947047015037 2.77540475604721 1.82154896219628 1.37201883020239 1.7761530007502 0.630040443050582 0.771350430607987 0.951071572812874 0.550076139094856 1.83298120833283 2.03945222030203 2.34809329837388 2.48529487259587 1.49720573182005 3.5552504137488 0.931415874284559 1.5293516037952 2.55808247683666 2.94509032262932 2.76652886370358 2.51903709286436 0.324416674529009 3.07244049740889 1.7288630291386 1.34240790325716 1.46652722266827 5.88232158486445 4.06504308357965 2.15542109415372 0 8.94002971568668
19.6037750083812 7.49957767247919 8.5427438036594 8.58123364677606 7.18989676942287 7.56810154315201 9.09247356766133 9.03342799444051 9.52506371843309 9.46653846518403 9.40965565774257 9.40257590160154 10.3974380946991 11.0126122751025 11.0507361010739 10.2630050537535 12.4361667275741 8.33829404050897 7.86469202491284 10.259841782328 6.64304355920369 7.71082892719491 9.02884399101741 8.9465413483934 11.0206148588043 10.1505963161946 10.1951001226496 10.3804999064482 3.10834117991693 12.1903275533824 10.7692917398423 8.94002971568668 0
;